396.304291
330.012909
1.119594
69.912231
0.000000
1.000000
0.115323
1.000000
0.363710
0.812121
0.604032
0.460606
0.791935
0.200000
1.000000
0.606061
0.000000
1.000000
0.083065
1.000000
0.299194
0.418182
0.651484
0.000000
0.810365
0.000000
1.000000
0.290598
0.000000
1.000000
0.051755
0.934195
0.115509
0.587701
0.257749
0.114467
0.813601
0.000000
1.000000
0.000000
0.000000
1.000000
0.159678
1.000000
0.348134
1.000000
0.569875
1.000000
0.804839
1.000000
1.000000
1.000000
0.960948
1.786836
0.790565
0.785770
